access_token:121.fa9a40cc900291bdf9179c30782e36cf.Y7hS2CHL9d8Df3_iIMv8Zvx0XqkABG6hw7HUqhe.DNssmw 2023-04-18 21:50:55.162949
refresh_token:122.2cefb5f7f9d4bb755413d6c901823f76.YG-KmF9dn65IR1LKrRTwntJTKSAS0sM2_MDGIhO.kGUX3Q 2023-04-18 21:50:55.162994
access_token:121.84d6c15efa16431655c49403785792ff.YCj61_BY_-veMv_3A5VOKrzc3h-HQ1GegR_mTBT.4l00Cw 2023-04-18 21:52:38.334325
refresh_token:122.6cd57150fc8361a4d0311434596463cc.YgYY-2-K_Y089XcY7Cb0fcqtXOuqJ3rA73VKK28.IomFIw 2023-04-18 21:52:38.334368
access_token:121.9cca857a4b95cc517e2ca2acc1564496.YBnZQ438nyz1OU3apkxWFUymfdUQElrGo13v36O.TF--LQ 2023-04-18 21:54:15.795164
refresh_token:122.af5893fedfa3a66aadbd21ed1a846e60.Y5lFKwUIL2USIc9X4dXBKThPUSPX4uM8OEKaDMS.O5JwEA 2023-04-18 21:54:15.795220
access_token:121.adf12df2d4f2fedfe5da4d4d684e8edd.Y_58ut0kYV-udAwATJx1lr4OErGd1xOH9JAJTnY.xQhGPQ 2023-04-24 23:30:25.308499
refresh_token:122.a4f34d8d608c32c4f53dd53aba09c8c3.YHlcpOpMm5tciEkWl4yCKlCeZeN3nMVtXYAsHj-.9kIE6g 2023-04-24 23:30:25.308544
